image_width: 1640
image_height: 1232
camera_name: camera
camera_matrix:
  rows: 3
  cols: 3
  data: [1282.365892, 0.000000, 823.825215, 0.000000, 1284.273952, 624.654805, 0.000000, 0.000000, 1.000000]
distortion_model: plumb_bob
distortion_coefficients:
  rows: 1
  cols: 5
  data: [0.170541, -0.282866, 0.000482, 0.000326, 0.000000]
rectification_matrix:
  rows: 3
  cols: 3
  data: [1.000000, 0.000000, 0.000000, 0.000000, 1.000000, 0.000000, 0.000000, 0.000000, 1.000000]
projection_matrix:
  rows: 3
  cols: 4
  data: [1312.432373, 0.000000, 824.487141, 0.000000, 0.000000, 1317.445190, 625.147296, 0.000000, 0.000000, 0.000000, 1.000000, 0.000000]
