image_width: 1920
image_height: 1080
camera_name: camera
camera_matrix:
  rows: 3
  cols: 3
  data: [2570.746079, 0.000000, 978.322766, 0.000000, 2576.374491, 551.859840, 0.000000, 0.000000, 1.000000]
distortion_model: plumb_bob
distortion_coefficients:
  rows: 1
  cols: 5
  data: [0.162635, -0.287621, 0.001891, 0.001699, 0.000000]
rectification_matrix:
  rows: 3
  cols: 3
  data: [1.000000, 0.000000, 0.000000, 0.000000, 1.000000, 0.000000, 0.000000, 0.000000, 1.000000]
projection_matrix:
  rows: 3
  cols: 4
  data: [2622.894775, 0.000000, 979.922493, 0.000000, 0.000000, 2629.323730, 553.027487, 0.000000, 0.000000, 0.000000, 1.000000, 0.000000]
